     0/299     26.3G   0.08035   0.02789    0.0226    0.1308        82      1280    0.6667  0.003849 1.679e-07 1.825e-08    0.0751    0.0159   0.01723
     1/299     28.1G   0.08239   0.01363   0.02215    0.1182        57      1280 6.877e-05   0.02617 6.503e-06 8.925e-07   0.07512   0.01484   0.01676
     2/299     28.1G   0.08341   0.01191     0.022    0.1173        70      1280 2.318e-05  0.009238 8.849e-07 1.476e-07   0.07495   0.01479   0.01661
     3/299     28.1G   0.08428    0.0119    0.0225    0.1187        38      1280         0         0         0         0   0.07393   0.01507   0.01619
     4/299     28.1G   0.08133   0.01236   0.01893    0.1126        59      1280         0         0         0         0   0.06724   0.01743   0.01395
     5/299     30.5G   0.07604   0.01255   0.01595    0.1045        41      1280  0.005897   0.03226  0.001033  0.000267   0.08848    0.0136   0.03764
     6/299     30.5G    0.0735    0.0128   0.01418    0.1005        73      1280   0.07556   0.04122   0.01683  0.004264   0.07729   0.01393    0.0222
     7/299     30.5G   0.07215   0.01233   0.01372    0.0982        41      1280  0.001677   0.01817 0.0001401 2.726e-05    0.0807   0.01248   0.01435
     8/299     30.5G   0.07103   0.01222   0.01236   0.09561        65      1280   0.09292   0.05601   0.01828  0.004481   0.07091   0.01397  0.009306
     9/299     30.5G   0.06606   0.01206   0.01001   0.08812        50      1280    0.4275    0.0578   0.03661   0.01074   0.07668   0.01235   0.01273
    10/299     30.5G   0.06686     0.012   0.01047   0.08933        34      1280   0.04333   0.06315   0.01677  0.004498   0.07912   0.01385   0.02066
    11/299     30.5G   0.06194   0.01209   0.01019   0.08421        56      1280    0.3815   0.02957    0.0112  0.002988   0.07954   0.02269   0.01777
    12/299     30.5G   0.06057   0.01191  0.008931   0.08141        65      1280    0.2664    0.2555    0.1942   0.07374   0.05871   0.01617  0.009553
    13/299     30.5G     0.057   0.01148  0.008286   0.07676        64      1280    0.4203    0.2878    0.2752    0.1125   0.06051   0.01387  0.008123
    14/299     30.5G   0.05167   0.01144  0.006716   0.06982        41      1280    0.5591    0.3026    0.3012    0.1298    0.0568   0.01328  0.005994
    15/299     30.5G   0.05037   0.01082  0.006499   0.06769        56      1280    0.6217     0.408    0.4468    0.2325    0.0505   0.01243  0.005244
    16/299     30.5G   0.04717    0.0104  0.005296   0.06286        34      1280    0.3876    0.2161    0.1989   0.08425   0.06956   0.01348  0.008462
    17/299     30.5G   0.04524   0.01052  0.004721   0.06048        47      1280    0.4903    0.3118     0.314    0.1391   0.05594     0.013  0.005545
    18/299     30.5G   0.04413   0.01005  0.004439   0.05862        44      1280     0.607    0.4663    0.4923    0.2734   0.04592   0.01107  0.005202
    19/299     30.5G   0.04398    0.0102  0.004315    0.0585        53      1280    0.4437    0.2435    0.2375     0.107   0.06699    0.0127  0.008015
    20/299     30.5G    0.0427  0.009729   0.00396   0.05639        45      1280    0.6284    0.4943     0.525    0.2965   0.04572   0.01067  0.004417
    21/299     30.5G    0.0411  0.009675  0.003914   0.05469        34      1280    0.6774     0.571    0.5986    0.3545   0.04274   0.01031  0.003793
    22/299     30.5G   0.03917  0.009399  0.003209   0.05178        51      1280    0.6581    0.5355    0.5765    0.3335   0.04353   0.01018  0.004884
    23/299     30.5G   0.03799  0.009173  0.002865   0.05003        45      1280    0.6432    0.5643    0.5907    0.3438   0.04181   0.01022  0.004527
    24/299     30.5G   0.03603  0.009507  0.002688   0.04823        57      1280    0.7222    0.5447    0.5996    0.3471   0.04257    0.0102  0.006057
    25/299     30.5G   0.03732  0.009611  0.003436   0.05037        48      1280    0.6807    0.6275    0.6654    0.3877   0.03977  0.009459  0.003832
    26/299     30.5G   0.03633  0.008705  0.002749   0.04778        64      1280    0.6959    0.6105    0.6529    0.3875   0.03985  0.009267  0.004023
    27/299     30.5G   0.03543  0.008834  0.002723   0.04699        46      1280    0.7038    0.5309    0.5875    0.3381   0.04339    0.0104  0.004831
    28/299     30.5G   0.03575  0.008834  0.002967   0.04756        56      1280    0.7751    0.6247    0.6722    0.3824   0.04041  0.009756  0.004107
    29/299     30.5G   0.03438  0.008823  0.002109   0.04531        54      1280    0.7451    0.6441    0.6963    0.4067   0.03831  0.009083  0.003575
    30/299     30.5G   0.03599  0.008649  0.002764    0.0474        23      1280     0.794    0.6476    0.7083    0.4424   0.03722  0.008642  0.003142
    31/299     30.5G   0.03337  0.008454  0.002239   0.04407        53      1280    0.7325     0.656     0.701    0.4267   0.03698  0.008988   0.00323
    32/299     30.5G   0.03335  0.008278  0.002311   0.04394        63      1280    0.8174    0.6662    0.7289    0.4478   0.03609  0.008497  0.003459
    33/299     30.5G   0.03286  0.008388  0.002127   0.04337        44      1280    0.7687    0.7008    0.7423    0.4608    0.0367  0.008407  0.003139
    34/299     30.5G   0.03192  0.008234   0.00178   0.04194        33      1280    0.7849    0.6847    0.7304    0.4563   0.03554  0.008367  0.003244
    35/299     30.5G   0.03206  0.008047  0.002167   0.04228        34      1280    0.7828    0.7062    0.7502    0.4726   0.03511  0.008095  0.003169
    36/299     30.5G    0.0325  0.008074    0.0021   0.04268        41      1280    0.8281    0.6867    0.7457    0.4642   0.03509  0.008378  0.003169
    37/299     30.5G    0.0319  0.008182  0.002031   0.04211        48      1280    0.7967    0.6879     0.734    0.4561    0.0357  0.008374  0.003017
    38/299     30.5G   0.03065  0.008061  0.001962   0.04067        37      1280    0.8145    0.7384     0.774    0.4841   0.03463  0.007973  0.002994
    39/299     30.5G   0.03042  0.008228  0.001735   0.04038        48      1280    0.8407    0.6576    0.7366    0.4541   0.03618  0.008609  0.003159
    40/299     30.5G   0.03236  0.007682  0.002194   0.04224        33      1280    0.8423    0.6581    0.7411    0.4642   0.03534  0.008262  0.003339
    41/299     30.5G   0.03126  0.007854  0.001915   0.04103        75      1280     0.791    0.7294    0.7566    0.4867   0.03453  0.008015  0.003018
    42/299     30.5G   0.03062  0.007851  0.001893   0.04036        46      1280    0.8352    0.7044     0.776    0.4931     0.034  0.007898  0.003123
    43/299     30.5G   0.02958  0.007643  0.001491   0.03872        47      1280    0.8502    0.7259    0.7827    0.5146   0.03339  0.007726    0.0028
    44/299     30.5G   0.03226  0.008073  0.002141   0.04247        28      1280    0.8294    0.7477     0.792    0.5063   0.03365  0.007881  0.002906
    45/299     30.5G   0.03021  0.007581   0.00189   0.03968        50      1280     0.793    0.6944     0.752    0.4838   0.03465    0.0082  0.002828
    46/299     30.5G   0.03022  0.007729  0.001915   0.03986        59      1280    0.8298    0.7476    0.7952    0.5137   0.03003  0.007547  0.002989
    47/299     30.5G   0.02866  0.007649  0.001266   0.03757        57      1280    0.8187    0.7589    0.7938    0.5291   0.02855  0.007296  0.002872
    48/299     30.5G   0.02985  0.007512  0.001701   0.03906        51      1280    0.8335    0.7583    0.8076    0.5335   0.02815  0.007279  0.002746
    49/299     30.5G   0.02968  0.007212  0.002053   0.03894        55      1280    0.8757    0.7052    0.7859    0.5064    0.0287  0.007743   0.00275
    50/299     30.5G   0.02952  0.007343  0.001832   0.03869        39      1280    0.8312    0.7481    0.7957    0.5175   0.02841  0.007567  0.002743
    51/299     30.5G   0.02852  0.007535   0.00137   0.03743        59      1280    0.8457    0.7701    0.8178    0.5333   0.02879  0.007096  0.002664
    52/299     30.5G   0.02935  0.007065  0.001985    0.0384        34      1280    0.8382    0.7859    0.8185    0.5454   0.02721  0.007159  0.002779
    53/299     30.5G   0.02818  0.007178  0.001352   0.03671        53      1280     0.859    0.7627     0.822    0.5459   0.02752  0.007121  0.003253
    54/299     30.5G   0.02792  0.006895  0.001423   0.03624        32      1280    0.8555     0.772    0.8221     0.545    0.0269  0.007026  0.002956
    55/299     30.5G   0.02881  0.007147   0.00188   0.03784        59      1280    0.8622    0.7563     0.825    0.5469   0.02784  0.007105   0.00286
    56/299     30.5G   0.02949  0.007378  0.001715   0.03858        44      1280    0.8678    0.7833      0.83    0.5519   0.02748  0.006934  0.002739
    57/299     30.5G   0.02686  0.007124   0.00166   0.03564        48      1280    0.8115    0.8129    0.8338    0.5555   0.02693  0.006795  0.002798
    58/299     30.5G   0.02856  0.007226  0.001779   0.03756        45      1280     0.877    0.7573    0.8251    0.5491   0.02669  0.006778  0.002966
    59/299     30.5G   0.02832  0.006778  0.001849   0.03695        71      1280    0.8607    0.8125    0.8461    0.5672   0.02617   0.00671  0.002861
    60/299     30.5G   0.02861  0.007243  0.001554   0.03741        38      1280    0.8598    0.8089    0.8353    0.5604   0.02595   0.00675  0.002924
    61/299     30.5G    0.0265  0.006858  0.001225   0.03459        53      1280    0.8327    0.8218    0.8414    0.5685   0.02753  0.006689  0.002708
    62/299     30.5G   0.02759  0.007143  0.001441   0.03617        62      1280    0.8646    0.7937    0.8369    0.5638   0.02615   0.00664  0.002843
    63/299     30.5G   0.02826  0.007037  0.001597    0.0369        36      1280    0.8697    0.7954    0.8359    0.5575   0.02701  0.006686  0.002766
    64/299     30.5G    0.0277  0.007152  0.001744    0.0366        81      1280    0.8879    0.7846    0.8437     0.572   0.02667  0.006583  0.002755
    65/299     30.5G   0.02657   0.00672  0.001478   0.03476        52      1280    0.9083    0.7977    0.8484    0.5724   0.02582  0.006596  0.002797
    66/299     30.5G   0.02753  0.006845  0.001467   0.03584        48      1280    0.8758    0.7996    0.8529    0.5823   0.02612  0.006478  0.002813
    67/299     30.5G   0.02592  0.006721  0.001166   0.03381        50      1280     0.866    0.8159    0.8546    0.5804    0.0258  0.006484  0.002789
    68/299     30.5G   0.02659  0.006752  0.001006   0.03435        40      1280    0.8811    0.8227    0.8641    0.5864   0.02629   0.00639   0.00268
    69/299     30.5G   0.02627  0.006606  0.001285   0.03416        46      1280    0.8488    0.8171     0.837    0.5685   0.02602  0.006536  0.002901
    70/299     30.5G   0.02675    0.0066  0.001328   0.03468        43      1280    0.8902     0.811    0.8639    0.5875   0.02589  0.006427  0.002877
    71/299     30.5G   0.02595  0.006477  0.001343   0.03377        48      1280    0.8815    0.8117    0.8598     0.587   0.02536  0.006317  0.002651
    72/299     30.5G   0.02622  0.006733   0.00156   0.03452        54      1280    0.9133    0.7781    0.8514    0.5834   0.02585  0.006439  0.002603
    73/299     30.5G   0.02651  0.006648  0.001648   0.03481        39      1280     0.899    0.8002    0.8592    0.5902   0.02712  0.006449  0.002685
    74/299     30.5G   0.02701   0.00653  0.001548   0.03509        55      1280    0.8914    0.8024    0.8589    0.5882   0.02782  0.006437  0.002487
    75/299     30.5G   0.02604  0.006864  0.001408   0.03431        80      1280    0.8855    0.8253    0.8586     0.583   0.02555  0.006342  0.002796
    76/299     30.5G   0.02601   0.00646  0.001186   0.03365        45      1280    0.8777    0.8141    0.8718    0.5858   0.02491  0.006309  0.002861
    77/299     30.5G   0.02545  0.006586  0.001153   0.03319        43      1280    0.8825    0.8235    0.8635     0.587   0.02576  0.006288  0.002518
    78/299     30.5G   0.02549   0.00635  0.001312   0.03315        62      1280    0.9022    0.8086    0.8623    0.5955   0.02526  0.006363  0.002724
    79/299     30.5G    0.0245  0.006418 0.0008946   0.03182        51      1280    0.8772    0.8184    0.8689    0.5943   0.02509  0.006277  0.002648
    80/299     30.5G   0.02407  0.006268   0.00103   0.03137        48      1280    0.8478    0.8543    0.8699    0.5982   0.02498  0.006337  0.002625
    81/299     30.5G   0.02497  0.006815  0.001159   0.03295        71      1280    0.9029    0.8229    0.8722    0.5955   0.02677  0.006297  0.002726
    82/299     30.5G   0.02523  0.006558  0.001274   0.03306        42      1280    0.9035    0.8217    0.8647    0.6007   0.02616  0.006254  0.002921
    83/299     30.5G   0.02354  0.005982 0.0008681   0.03039        49      1280    0.8618    0.8516     0.877    0.6039     0.027  0.006156  0.002912
    84/299     30.5G   0.02366  0.006249 0.0009648   0.03087        45      1280    0.8819    0.8349    0.8733    0.6034   0.02767  0.006181  0.002696
    85/299     30.5G   0.02409  0.006484  0.001118   0.03169        49      1280    0.9021     0.817    0.8664    0.6003   0.02792  0.006234   0.00272
    86/299     30.5G   0.02617  0.006748  0.001343   0.03426        75      1280    0.8744    0.8239    0.8695    0.5985   0.02693  0.006265  0.002602
    87/299     30.5G   0.02603  0.006774  0.001643   0.03444        32      1280    0.9188    0.8001    0.8752    0.6023    0.0256  0.006254  0.002593
    88/299     30.5G   0.02649  0.006687  0.002003   0.03518        48      1280    0.9078    0.8144      0.87    0.6039   0.02511  0.006188  0.002807
    89/299     30.5G   0.02587  0.007082   0.00174   0.03469        60      1280    0.8887    0.8304    0.8689    0.6066   0.02506  0.006302  0.002674
    90/299     30.5G   0.02433  0.006604  0.001012   0.03194        55      1280     0.891    0.8345     0.873    0.6056   0.02593  0.006175  0.002486
    91/299     30.5G   0.02405  0.006337  0.001034   0.03142        72      1280    0.8815    0.8432    0.8828    0.6174   0.02429  0.006179  0.002551
    92/299     30.5G   0.02336  0.006535 0.0007854   0.03068        27      1280    0.8708    0.8615    0.8831    0.6142   0.02492   0.00609  0.002573
    93/299     30.5G   0.02459  0.006461  0.001326   0.03237        67      1280    0.8831    0.8443    0.8762    0.6134   0.02458  0.006097  0.002622
    94/299     30.5G   0.02395  0.006269  0.001106   0.03133        61      1280    0.9127    0.8231    0.8787    0.6101   0.02466  0.006074  0.002583
    95/299     30.5G   0.02503  0.006144  0.001471   0.03264        47      1280    0.8976     0.836    0.8806    0.6122   0.02481  0.006076  0.002499
    96/299     30.5G   0.02496  0.006225  0.001276   0.03246        49      1280    0.8768    0.8501    0.8741    0.6104   0.02478  0.006122  0.002423
    97/299     30.5G   0.02402  0.006295 0.0009616   0.03128        59      1280    0.9024    0.8399    0.8874    0.6173   0.02412  0.006117  0.002623
    98/299     30.5G   0.02415  0.006386  0.001173   0.03171        51      1280    0.9096    0.8476    0.8913    0.6205   0.02425  0.006091  0.002759
    99/299     30.5G   0.02487  0.006434  0.001241   0.03254        57      1280    0.8994     0.851    0.8838    0.6176   0.02381  0.006065  0.002888
   100/299     30.5G   0.02399  0.006201  0.001062   0.03125        44      1280    0.8994    0.8348    0.8848    0.6196   0.02348  0.006024  0.002893
   101/299     30.5G   0.02324  0.006209  0.001009   0.03046        31      1280    0.9082     0.835    0.8807    0.6215   0.02341  0.006027  0.002896
   102/299     30.5G   0.02394  0.006504  0.001158    0.0316        36      1280    0.8924    0.8537    0.8853    0.6237   0.02476  0.005978  0.002589
   103/299     30.5G   0.02282  0.005939 0.0008271   0.02959        34      1280    0.9127    0.8408    0.8879    0.6213    0.0257  0.005993  0.002612
   104/299     30.5G   0.02398  0.006082   0.00134   0.03141        39      1280    0.9231    0.8431    0.8922    0.6242   0.02553  0.005972  0.002715
   105/299     30.5G   0.02433  0.006313  0.001061    0.0317        53      1280    0.8961    0.8502    0.8878    0.6224   0.02506  0.005986  0.002683
   106/299     30.5G   0.02354  0.006143 0.0009862   0.03067        57      1280    0.8759    0.8643     0.887    0.6221   0.02465  0.005969  0.002721
   107/299     30.5G   0.02482  0.006272   0.00127   0.03236        79      1280    0.8795    0.8685    0.8865     0.623   0.02473  0.006008  0.002779
   108/299     30.5G   0.02325  0.006174 0.0009919   0.03041        50      1280    0.8871    0.8585    0.8842    0.6212   0.02599  0.005983  0.002696
   109/299     30.5G   0.02421  0.005941 0.0009458    0.0311        60      1280    0.9158    0.8384    0.8876    0.6264   0.02553  0.005981  0.002833
   110/299     30.5G   0.02345   0.00643  0.001177   0.03106        40      1280    0.9227    0.8371    0.8876    0.6312   0.02542  0.005938  0.002839
   111/299     30.5G   0.02386  0.006095  0.001114   0.03107        43      1280    0.8929    0.8694    0.8947     0.631   0.02485  0.005949  0.002889
   112/299     30.5G   0.02396  0.006099  0.001125   0.03118        38      1280    0.9183    0.8451    0.8852    0.6298   0.02416  0.005981  0.002966
   113/299     30.5G   0.02294  0.005856 0.0007185   0.02952        60      1280    0.8939    0.8692    0.8925     0.631   0.02438  0.005965  0.002956
   114/299     30.5G   0.02391  0.006035 0.0009498    0.0309        37      1280     0.929      0.84    0.8953    0.6329   0.02399  0.005979  0.003016
   115/299     30.5G   0.02367  0.005863  0.001041   0.03057        76      1280    0.8966    0.8702    0.8984    0.6345   0.02425  0.005945  0.002945
   116/299     30.5G   0.02319  0.005876  0.001064   0.03013        24      1280    0.8976    0.8552    0.8943    0.6354    0.0239  0.005918  0.002866
   117/299     30.5G   0.02263  0.006001  0.000986   0.02962        53      1280    0.9092    0.8558    0.8928    0.6325   0.02352  0.005938  0.002823
   118/299     30.5G   0.02387  0.006154  0.001278   0.03131        52      1280    0.9194     0.845      0.89      0.63   0.02473  0.005927  0.002707
   119/299     30.5G    0.0231  0.006233  0.001011   0.03034        41      1280    0.9114    0.8531    0.8917    0.6324   0.02513  0.005919  0.002667
   120/299     30.5G   0.02249  0.005859  0.001054   0.02941        45      1280     0.906    0.8535    0.8928    0.6333   0.02524   0.00588    0.0027
   121/299     30.5G   0.02228  0.005708 0.0006621   0.02865        49      1280    0.9131    0.8502    0.8951    0.6339   0.02527  0.005867  0.002719
   122/299     30.5G   0.02298  0.005859  0.001092   0.02993        54      1280    0.8942    0.8663    0.8964    0.6359    0.0242  0.005878  0.002785
   123/299     30.5G    0.0228  0.006083  0.001162   0.03005        36      1280    0.8961    0.8689    0.8965    0.6367   0.02409  0.005853  0.002736
   124/299     30.5G   0.02249   0.00592   0.00112   0.02953        47      1280     0.901    0.8678    0.8955    0.6368   0.02393  0.005832  0.002642
   125/299     30.5G   0.02284  0.006027  0.001044   0.02991        74      1280     0.892    0.8736    0.8934    0.6371   0.02417  0.005844  0.002613
   126/299     30.5G   0.02194  0.005857  0.001053   0.02885        49      1280    0.9009    0.8609    0.8935    0.6381   0.02391  0.005838  0.002633
   127/299     30.5G   0.02076  0.005348 0.0005532   0.02667        44      1280    0.9112    0.8479    0.8936    0.6408   0.02358  0.005825  0.002661
   128/299     30.5G   0.02246  0.005829  0.001187   0.02948        23      1280    0.8972    0.8675    0.8981    0.6435   0.02367  0.005823  0.002678
   129/299     30.5G   0.02194  0.005936 0.0009112   0.02879        43      1280    0.9043    0.8645    0.8967    0.6411   0.02353  0.005795  0.002687
   130/299     30.5G   0.02233  0.005862 0.0009608   0.02915        46      1280    0.9091    0.8634    0.8987    0.6396   0.02355  0.005815  0.002665
   131/299     30.5G   0.02235  0.005995 0.0009109   0.02926        33      1280    0.9112    0.8589    0.8973    0.6415   0.02387  0.005793  0.002578
   132/299     30.5G    0.0205  0.005749 0.0007332   0.02698        49      1280    0.8868    0.8804    0.8979    0.6428   0.02378  0.005808  0.002516
   133/299     30.5G   0.02245  0.005879  0.001202   0.02954        65      1280    0.8814    0.8882    0.8971    0.6443   0.02345  0.005803  0.002516
   134/299     30.5G   0.02149  0.005454 0.0008927   0.02783        54      1280    0.8996    0.8708    0.9005    0.6444   0.02318  0.005822  0.002446
   135/299     30.5G   0.02177  0.005979 0.0007563    0.0285        55      1280    0.9012    0.8704    0.9006    0.6422   0.02319  0.005824   0.00239
   136/299     30.5G   0.02165  0.005689  0.001014   0.02835        66      1280    0.9172    0.8585    0.9028    0.6443   0.02329  0.005819  0.002405
   137/299     30.5G   0.02223  0.005951  0.001288   0.02947        32      1280    0.9198    0.8553    0.9023    0.6421    0.0237  0.005811  0.002418
   138/299     30.5G   0.02163  0.005927 0.0007046   0.02826        51      1280    0.9088    0.8639    0.8986    0.6436   0.02374  0.005803  0.002387
   139/299     30.5G   0.02259  0.005769 0.0009705   0.02933        36      1280    0.9245    0.8524    0.8978    0.6441   0.02327  0.005799  0.002379
   140/299     30.5G   0.02257  0.006162 0.0008331   0.02957        45      1280    0.9166     0.859    0.8982    0.6464   0.02284    0.0058  0.002451
   141/299     30.5G    0.0212  0.005731 0.0009949   0.02793        45      1280    0.9101    0.8657    0.8992    0.6473   0.02296  0.005816  0.002557
   142/299     30.5G   0.02172  0.005276 0.0009632   0.02796        45      1280    0.8997    0.8852    0.9001    0.6476   0.02312  0.005814  0.002607
   143/299     30.5G   0.02139  0.005941 0.0009845   0.02831        43      1280     0.892    0.8888    0.8986    0.6452   0.02314  0.005805  0.002613
   144/299     30.5G   0.02156  0.005699 0.0006344   0.02789        69      1280    0.8909    0.8943    0.8989    0.6463   0.02292  0.005802   0.00258
   145/299     30.5G   0.02143  0.006059 0.0009823   0.02847        72      1280    0.8975    0.8873    0.8972     0.646   0.02287  0.005786  0.002577
   146/299     30.5G   0.02172  0.005839  0.001026   0.02858        47      1280    0.8962    0.8875    0.9014    0.6453   0.02274  0.005782  0.002569
   147/299     30.5G   0.02125  0.005703 0.0007234   0.02768        60      1280    0.8983    0.8849    0.9018    0.6458   0.02291  0.005772  0.002568
   148/299     30.5G   0.02135  0.005494 0.0008304   0.02767        42      1280    0.8996    0.8818    0.9049    0.6476   0.02296   0.00577  0.002554
   149/299     30.5G   0.02077  0.005415 0.0007212   0.02691        41      1280    0.9126    0.8708     0.903    0.6479   0.02279  0.005771  0.002557
   150/299     30.5G   0.02122  0.005842 0.0008794   0.02794        41      1280     0.901    0.8817     0.904     0.648   0.02278  0.005769  0.002541
   151/299     30.5G   0.02043  0.005737 0.0006454   0.02681        51      1280    0.9007    0.8844    0.9031    0.6488   0.02282  0.005772  0.002533
   152/299     30.5G   0.02151  0.005663 0.0009479   0.02812        50      1280    0.9024    0.8844    0.9035    0.6483   0.02274  0.005774  0.002507
   153/299     30.5G   0.02124  0.005637 0.0007063   0.02758        60      1280    0.8965    0.8874    0.9032    0.6482   0.02248  0.005775  0.002471
   154/299     30.5G   0.02181  0.005669  0.000969   0.02845        57      1280    0.9016    0.8818    0.9029    0.6484   0.02243  0.005779  0.002454
   155/299     30.5G   0.02104  0.005503  0.001014   0.02756        51      1280    0.8978    0.8847    0.9034    0.6498   0.02238   0.00578  0.002458
   156/299     30.5G   0.02044  0.005574  0.000833   0.02685        47      1280    0.8954    0.8892     0.903     0.648   0.02236  0.005776  0.002462
   157/299     30.5G   0.02146  0.005732  0.001056   0.02824        39      1280    0.8969    0.8863    0.9028    0.6495   0.02237  0.005778  0.002452
   158/299     30.5G   0.02111  0.005548 0.0008918   0.02755        43      1280    0.8947    0.8859    0.9028    0.6481   0.02242  0.005786  0.002422
   159/299     30.5G   0.02043  0.005449 0.0007742   0.02665        44      1280    0.8958     0.888    0.9034    0.6486   0.02239  0.005799  0.002417
   160/299     30.5G   0.02053  0.005395 0.0006736    0.0266        47      1280       0.9     0.885    0.9037    0.6487   0.02232  0.005802  0.002426
   161/299     30.5G   0.02091  0.005241 0.0007303   0.02688        52      1280    0.8987    0.8864    0.9033    0.6479   0.02243  0.005804  0.002444
   162/299     30.5G   0.02016  0.005409 0.0005801   0.02615        42      1280     0.895     0.888    0.9013    0.6472   0.02259  0.005805  0.002439
   163/299     30.5G   0.02045  0.005425 0.0005191    0.0264        54      1280    0.9006     0.885    0.9043    0.6466   0.02263  0.005806  0.002418
   164/299     30.5G   0.02009  0.005497 0.0006181    0.0262        37      1280    0.8963    0.8888    0.9049     0.648   0.02268  0.005806  0.002417
   165/299     30.5G   0.02137  0.005609 0.0009784   0.02796        51      1280    0.8927    0.8937    0.9054    0.6483   0.02263  0.005799  0.002417
   166/299     30.5G   0.02168  0.005531 0.0008515   0.02806        53      1280    0.8944    0.8925    0.9054    0.6472   0.02259  0.005793  0.002428
   167/299     30.5G   0.02099  0.005553 0.0007734   0.02732        34      1280    0.8982    0.8915    0.9053    0.6484   0.02255  0.005785  0.002431
   168/299     30.5G   0.02089  0.005227 0.0007427   0.02685        41      1280    0.9073    0.8815    0.9054    0.6486    0.0225  0.005785  0.002435
   169/299     30.5G   0.02052  0.005516 0.0009218   0.02696        54      1280    0.9106    0.8813    0.9057    0.6498   0.02244  0.005781  0.002435
   170/299     30.5G   0.01981  0.005574 0.0006776   0.02606        74      1280    0.9202    0.8741    0.9064    0.6504   0.02242  0.005778  0.002437
   171/299     30.5G   0.02044  0.005435 0.0007512   0.02662        39      1280    0.9187    0.8766     0.907    0.6502   0.02243  0.005775  0.002439
   172/299     30.5G   0.01996  0.005326 0.0007829   0.02607        50      1280    0.9198    0.8777    0.9077      0.65   0.02242  0.005769  0.002441
   173/299     30.5G   0.02069  0.005381  0.000987   0.02706        54      1280    0.9317     0.865    0.9073    0.6503   0.02231  0.005766  0.002443
   174/299     30.5G   0.01988   0.00513 0.0007974    0.0258        38      1280    0.9318    0.8649    0.9076    0.6503   0.02226  0.005766  0.002429
   175/299     30.5G   0.02007  0.005305 0.0008804   0.02626        32      1280    0.9232    0.8733    0.9078    0.6514   0.02214  0.005766  0.002428
   176/299     30.5G   0.01963  0.005273 0.0007075   0.02561        34      1280    0.9194    0.8748    0.9075    0.6521   0.02208   0.00577  0.002428
   177/299     30.5G   0.02086  0.005529 0.0009761   0.02736        60      1280    0.9198    0.8749    0.9074    0.6513   0.02202  0.005771  0.002439
   178/299     30.5G   0.02017  0.005698 0.0008416   0.02671        45      1280    0.9142    0.8795    0.9073    0.6524   0.02193  0.005772  0.002448
   179/299     30.5G   0.01978  0.005351 0.0007989   0.02593        47      1280    0.9205    0.8751    0.9071    0.6527   0.02193  0.005774  0.002449
   180/299     30.5G   0.02014  0.005225 0.0007896   0.02616        57      1280    0.9165    0.8782    0.9076    0.6538   0.02197  0.005774  0.002447
   181/299     30.5G   0.02037   0.00529  0.001006   0.02667        51      1280    0.9182     0.879     0.908    0.6534   0.02202  0.005776  0.002454
   182/299     30.5G   0.01882  0.005189  0.000515   0.02453        48      1280     0.917    0.8802    0.9081    0.6539   0.02208   0.00578  0.002461
   183/299     30.5G   0.01901  0.005402  0.000454   0.02487        66      1280    0.9161    0.8754    0.9046     0.653    0.0221  0.005783  0.002464
   184/299     30.5G   0.01928   0.00533 0.0005701   0.02518        52      1280    0.9141    0.8754    0.9045     0.653   0.02211  0.005784  0.002469
   185/299     30.5G   0.01876  0.005063 0.0004476   0.02427        58      1280    0.9208    0.8683    0.9047    0.6535   0.02216  0.005782  0.002469
   186/299     30.5G   0.01904  0.005205    0.0006   0.02484        50      1280    0.9145    0.8754    0.9045    0.6537   0.02217   0.00578  0.002471
   187/299     30.5G   0.01924  0.005327 0.0007228   0.02529        40      1280    0.9239    0.8637    0.9037    0.6532   0.02219  0.005778   0.00247
   188/299     30.5G   0.01887  0.005585 0.0004452    0.0249        45      1280    0.9209    0.8674     0.904    0.6536   0.02223  0.005775  0.002471
   189/299     30.5G   0.01888  0.005306 0.0007543   0.02494        58      1280    0.9199    0.8705    0.9042    0.6546   0.02229  0.005776  0.002474
   190/299     30.5G   0.01803  0.004914 0.0004804   0.02342        45      1280    0.9196     0.864    0.9036    0.6553   0.02236  0.005781  0.002477
   191/299     30.5G    0.0184  0.004938 0.0007453   0.02409        57      1280    0.9114    0.8721    0.9038    0.6548   0.02235  0.005783  0.002484
   192/299     30.5G   0.01947  0.005461 0.0008515   0.02578        51      1280    0.9124    0.8729    0.9036    0.6554   0.02237  0.005783  0.002485
   193/299     30.5G   0.01877  0.005511 0.0006486   0.02493        55      1280    0.9206    0.8655    0.9035    0.6553   0.02238  0.005781  0.002483
   194/299     30.5G   0.02026  0.005389  0.001002   0.02665        53      1280    0.9122    0.8728    0.9037    0.6554    0.0224  0.005783  0.002478
   195/299     30.5G   0.01922  0.005093  0.000742   0.02506        47      1280    0.9193    0.8657    0.9036    0.6546   0.02242  0.005782  0.002474
   196/299     30.5G   0.01965  0.005217 0.0006943   0.02556        66      1280     0.914    0.8707    0.9036    0.6552   0.02242  0.005781  0.002467
   197/299     30.5G   0.01885  0.005153 0.0007485   0.02475        32      1280    0.9156    0.8698    0.9035    0.6552   0.02241  0.005782  0.002459
   198/299     30.5G   0.01861  0.005277 0.0007693   0.02466        76      1280    0.9128    0.8724    0.9033    0.6552   0.02242  0.005783  0.002452
   199/299     30.5G    0.0188  0.005278 0.0007366   0.02482        53      1280    0.9214    0.8647    0.9034    0.6548   0.02242  0.005783  0.002447
   200/299     30.5G   0.01856  0.005197  0.000455   0.02421        49      1280    0.9106    0.8738    0.9036    0.6555   0.02243  0.005782  0.002441
   201/299     30.5G   0.01904  0.005189   0.00057    0.0248        42      1280    0.9125    0.8721    0.9038     0.656   0.02239  0.005783  0.002441
   202/299     30.5G   0.01937  0.005359 0.0007702    0.0255        41      1280    0.9079    0.8761    0.9041    0.6564   0.02235  0.005783  0.002444
   203/299     30.5G   0.01847  0.005179 0.0005022   0.02415        47      1280    0.9054    0.8787    0.9042    0.6568   0.02232  0.005783  0.002447
   204/299     30.5G   0.01858  0.005103 0.0007642   0.02444        70      1280    0.9065    0.8789    0.9045    0.6571   0.02233  0.005784  0.002446
   205/299     30.5G   0.01919  0.005236 0.0005423   0.02497        45      1280    0.9058    0.8787    0.9046    0.6568    0.0223  0.005784  0.002444
   206/299     30.5G   0.01932  0.005204 0.0006497   0.02518        68      1280    0.9061    0.8788    0.9049    0.6575   0.02225  0.005784  0.002442
   207/299     30.5G   0.01845  0.005034 0.0005529   0.02404        79      1280    0.9059    0.8788    0.9049    0.6577   0.02221  0.005784  0.002443
   208/299     30.5G   0.01865   0.00533 0.0005602   0.02454        85      1280    0.9055    0.8789    0.9048    0.6582   0.02217  0.005783  0.002444
   209/299     30.5G   0.01868  0.005023 0.0007944    0.0245        74      1280    0.9054    0.8789    0.9049     0.659   0.02214  0.005783  0.002444
   210/299     30.5G   0.01893  0.005244  0.000723    0.0249        44      1280    0.9105    0.8735     0.905    0.6589   0.02214  0.005784  0.002441
   211/299     30.5G   0.01798  0.005265 0.0006388   0.02389        48      1280    0.9134    0.8734    0.9048    0.6583   0.02215  0.005785   0.00244
   212/299     30.5G   0.01896  0.005128 0.0005982   0.02468        58      1280    0.9134    0.8735    0.9048    0.6578   0.02215  0.005784  0.002436
   213/299     30.5G   0.01826  0.005221 0.0005506   0.02403        52      1280    0.9067    0.8788    0.9047     0.658   0.02214  0.005784   0.00243
   214/299     30.5G   0.01883  0.005078 0.0005123   0.02442        35      1280    0.9155    0.8722    0.9048    0.6587   0.02213  0.005785  0.002426
   215/299     30.5G     0.018  0.005018  0.000506   0.02352        45      1280     0.915     0.872     0.905    0.6598    0.0221  0.005783  0.002423
   216/299     30.5G   0.01905  0.005133 0.0006996   0.02488        46      1280    0.9154    0.8721    0.9053    0.6599   0.02206  0.005783  0.002419
   217/299     30.5G    0.0189  0.004917 0.0007279   0.02454        52      1280    0.9155    0.8722    0.9053    0.6592   0.02204  0.005783  0.002417
   218/299     30.5G   0.01798   0.00496 0.0005073   0.02345        58      1280      0.92    0.8684    0.9051     0.659   0.02201  0.005782  0.002417
   219/299     30.5G   0.01906  0.005138 0.0008008     0.025        19      1280    0.9185    0.8681    0.9057    0.6592     0.022  0.005782  0.002418
   220/299     30.5G   0.01851  0.004906 0.0008114   0.02423        62      1280    0.9155    0.8706    0.9056     0.659   0.02198  0.005782  0.002417
   221/299     30.5G   0.01795  0.005061 0.0008341   0.02384        35      1280    0.9133    0.8697    0.9048    0.6591   0.02196  0.005783  0.002415
   222/299     30.5G   0.01838  0.005271 0.0006382   0.02429        43      1280    0.9059    0.8748    0.9034    0.6587   0.02195  0.005783  0.002409
   223/299     30.5G   0.01771  0.005144 0.0004926   0.02334        37      1280     0.906    0.8771    0.9035     0.659   0.02193  0.005782  0.002406
   224/299     30.5G   0.01873  0.005099 0.0008652   0.02469        53      1280    0.9081    0.8771    0.9048    0.6584   0.02192  0.005782  0.002402
   225/299     30.5G   0.01838  0.005351 0.0006994   0.02443        63      1280    0.9061    0.8776    0.9036    0.6586   0.02194  0.005783  0.002396
   226/299     30.5G   0.01839  0.004992 0.0006795   0.02406        59      1280    0.9057    0.8776    0.9034    0.6583   0.02193  0.005783   0.00239
   227/299     30.5G   0.01794  0.004677 0.0004496   0.02306        52      1280    0.9073    0.8759    0.9034    0.6588   0.02192  0.005784  0.002381
   228/299     30.5G   0.01736  0.004961 0.0006682   0.02299        40      1280    0.9174    0.8683    0.9035    0.6583   0.02193  0.005784  0.002371
   229/299     30.5G   0.01749  0.004914  0.000547   0.02295        35      1280    0.9163    0.8685    0.9034    0.6584   0.02192  0.005784  0.002361
   230/299     30.5G   0.01774  0.004992 0.0005021   0.02323        51      1280    0.9176    0.8683    0.9034    0.6588    0.0219  0.005784  0.002353
   231/299     30.5G    0.0173  0.005077  0.000681   0.02306        37      1280    0.9177    0.8682    0.9036    0.6591    0.0219  0.005784  0.002348
   232/299     30.5G   0.01867  0.004782 0.0008107   0.02426        28      1280    0.9173    0.8688    0.9035    0.6592   0.02189  0.005784  0.002343
   233/299     30.5G   0.01827  0.005094 0.0009641   0.02433        71      1280    0.9176    0.8685    0.9035    0.6594   0.02187  0.005784  0.002338
   234/299     30.5G   0.01779  0.005092 0.0007419   0.02363        60      1280    0.9177    0.8685    0.9038    0.6592   0.02186  0.005784  0.002333
   235/299     30.5G   0.01845  0.005127 0.0008122   0.02439        30      1280    0.9186    0.8672    0.9041    0.6593   0.02184  0.005785  0.002329
   236/299     30.5G   0.01833  0.004748 0.0005358   0.02361        57      1280    0.9184    0.8671    0.9041    0.6592   0.02181  0.005786  0.002326
   237/299     30.5G   0.01823  0.004936 0.0007984   0.02397        56      1280    0.9177    0.8684    0.9043    0.6591   0.02179  0.005786  0.002323
   238/299     30.5G   0.01845  0.005079 0.0007236   0.02425        39      1280    0.9183    0.8671    0.9045    0.6593   0.02176  0.005785   0.00232
   239/299     30.5G    0.0179   0.00505 0.0006022   0.02355        24      1280    0.9147    0.8719    0.9046    0.6593   0.02175  0.005785  0.002317
   240/299     30.5G   0.01794  0.004836 0.0006397   0.02341        58      1280    0.9158    0.8723    0.9047    0.6595   0.02174  0.005784  0.002315
   241/299     30.5G   0.01865  0.005069 0.0008353   0.02455        42      1280    0.9158    0.8718    0.9047    0.6589   0.02172  0.005784  0.002314
   242/299     30.5G   0.01876  0.004926  0.000897   0.02459        24      1280    0.9156    0.8717    0.9047    0.6585    0.0217  0.005784  0.002311
   243/299     30.5G   0.01731    0.0052 0.0004739   0.02298        47      1280    0.9145    0.8717    0.9046    0.6594   0.02168  0.005784  0.002308
   244/299     30.5G   0.01846  0.005239 0.0006629   0.02437        53      1280    0.9161     0.873    0.9062    0.6593   0.02166  0.005784  0.002306
   245/299     30.5G    0.0177  0.005147 0.0004219   0.02327        58      1280     0.914    0.8713    0.9045    0.6591   0.02165  0.005785  0.002305
   246/299     30.5G   0.01893  0.005019 0.0008476    0.0248        51      1280    0.9147    0.8718    0.9044     0.659   0.02166  0.005785  0.002304
   247/299     30.5G   0.01877  0.004931 0.0008672   0.02457        44      1280    0.9142    0.8713    0.9045    0.6592   0.02164  0.005786  0.002303
   248/299     30.5G   0.01742  0.004743 0.0005664   0.02273        31      1280    0.9148    0.8734    0.9045    0.6588   0.02163  0.005786  0.002303
   249/299     30.5G   0.01731  0.004956 0.0004751   0.02274        34      1280    0.9144    0.8726    0.9045    0.6593   0.02163  0.005787  0.002301
   250/299     30.5G   0.01678  0.004772 0.0006419   0.02219        46      1280    0.9146    0.8724    0.9054    0.6596   0.02162  0.005788    0.0023
   251/299     30.5G   0.01792  0.005047 0.0005914   0.02356        68      1280    0.9144    0.8724    0.9053    0.6595   0.02162  0.005788  0.002299
   252/299     30.5G   0.01713  0.004779 0.0004477   0.02235        51      1280    0.9143    0.8724    0.9053    0.6593   0.02162  0.005787  0.002296
   253/299     30.5G   0.01753  0.004966 0.0009692   0.02347        44      1280    0.9126    0.8739    0.9054     0.659   0.02161  0.005786  0.002295
   254/299     30.5G   0.01766  0.004931 0.0006806   0.02327        43      1280     0.913     0.874    0.9054    0.6594   0.02161  0.005787  0.002293
   255/299     30.5G   0.01762  0.004678 0.0005853   0.02289        44      1280    0.9125    0.8753    0.9052    0.6593   0.02159  0.005787  0.002291
   256/299     30.5G   0.01762  0.004924 0.0007639    0.0233        47      1280    0.9125    0.8756    0.9052    0.6589   0.02158  0.005787   0.00229
   257/299     30.5G   0.01681  0.004696 0.0004225   0.02193        61      1280    0.9127    0.8753    0.9053    0.6595   0.02156  0.005788  0.002289
   258/299     30.5G   0.01813  0.005116 0.0006057   0.02385        35      1280    0.9127    0.8749    0.9052    0.6582   0.02156  0.005788  0.002288
   259/299     30.5G    0.0175  0.004766 0.0007634   0.02303        46      1280    0.9125    0.8749    0.9049    0.6585   0.02154  0.005788  0.002289
   260/299     30.5G   0.01882  0.004666 0.0008696   0.02436        39      1280    0.9124    0.8746     0.905     0.659   0.02152  0.005787  0.002287
   261/299     30.5G   0.01717  0.004906 0.0004773   0.02255        50      1280    0.9126    0.8745    0.9043    0.6589   0.02151  0.005786  0.002286
   262/299     30.5G   0.01708  0.004813 0.0007868   0.02268        46      1280    0.9126    0.8744    0.9045    0.6592   0.02151  0.005786  0.002283
   263/299     30.5G   0.01785  0.004964 0.0009042   0.02372        57      1280    0.9114    0.8747    0.9046    0.6591    0.0215  0.005785  0.002282
   264/299     30.5G   0.01788  0.004772 0.0008662   0.02352        53      1280    0.9114    0.8746    0.9046    0.6593   0.02148  0.005786  0.002281
   265/299     30.5G   0.01642  0.004891 0.0006982   0.02201        47      1280    0.9112    0.8746    0.9051    0.6593   0.02145  0.005785  0.002279
   266/299     30.5G   0.01631  0.004568 0.0004554   0.02134        56      1280    0.9103    0.8747    0.9052    0.6593   0.02144  0.005785  0.002276
   267/299     30.5G   0.01843   0.00492 0.0008221   0.02417        67      1280    0.9055    0.8789    0.9053    0.6592   0.02144  0.005784  0.002273
   268/299     30.5G   0.01666  0.004777 0.0007258   0.02216        33      1280    0.9134    0.8722    0.9054    0.6586   0.02143  0.005785  0.002272
   269/299     30.5G   0.01816  0.004589 0.0007349   0.02348        43      1280    0.9134    0.8722    0.9056    0.6582   0.02142  0.005785   0.00227
   270/299     30.5G   0.01725  0.004928 0.0006461   0.02283        35      1280    0.9136    0.8722    0.9057    0.6593   0.02141  0.005784  0.002268
   271/299     30.5G   0.01727  0.005012 0.0008336   0.02312        37      1280    0.9135    0.8723    0.9054    0.6595    0.0214  0.005784  0.002266
   272/299     30.5G   0.01663  0.004544 0.0003923   0.02157        64      1280    0.9135    0.8722    0.9057    0.6594   0.02139  0.005785  0.002264
   273/299     30.5G   0.01712  0.004889 0.0004294   0.02244        39      1280    0.9076    0.8776    0.9058    0.6593   0.02138  0.005786  0.002261
   274/299     30.5G   0.01694  0.004987 0.0005907   0.02252        61      1280    0.9074    0.8775    0.9057    0.6589   0.02136  0.005786  0.002259
   275/299     30.5G   0.01722  0.004712 0.0007616   0.02269        42      1280    0.9135     0.872    0.9057    0.6588   0.02134  0.005787  0.002258
   276/299     30.5G   0.01687  0.004613 0.0007705   0.02226        46      1280    0.9084    0.8762    0.9057    0.6587   0.02132  0.005788  0.002257
   277/299     30.5G   0.01712  0.004789 0.0005221   0.02243        36      1280    0.9135    0.8718    0.9057    0.6588    0.0213  0.005788  0.002256
   278/299     30.5G   0.01726  0.004637 0.0005274   0.02242        51      1280    0.9082    0.8762    0.9056    0.6592   0.02128   0.00579  0.002255
   279/299     30.5G   0.01694  0.004729 0.0004625   0.02213        53      1280    0.9082    0.8762    0.9057    0.6592   0.02126   0.00579  0.002254
   280/299     30.5G   0.01748  0.004803 0.0005409   0.02282        73      1280    0.9136    0.8718    0.9059    0.6591   0.02125  0.005791  0.002251
   281/299     30.5G   0.01788  0.004857 0.0005667    0.0233        54      1280    0.9136    0.8718    0.9058    0.6587   0.02123  0.005793  0.002248
   282/299     30.5G   0.01616  0.004559 0.0008179   0.02154        33      1280    0.9136    0.8718    0.9058    0.6587   0.02122  0.005794  0.002247
   283/299     30.5G   0.01612  0.004659 0.0003355   0.02111        42      1280    0.9136    0.8718    0.9058    0.6598   0.02121  0.005793  0.002245
   284/299     30.5G   0.01608  0.004699 0.0003639   0.02114        48      1280    0.9136    0.8718    0.9058    0.6594    0.0212  0.005794  0.002242
   285/299     30.5G   0.01739  0.004839 0.0005651   0.02279        63      1280    0.9125    0.8719    0.9058    0.6596   0.02118  0.005795   0.00224
   286/299     30.5G    0.0159  0.004692 0.0005065    0.0211        53      1280    0.9124     0.872    0.9057      0.66   0.02115  0.005795  0.002239
   287/299     30.5G   0.01598  0.004702 0.0004145   0.02109        35      1280    0.9125    0.8719    0.9055    0.6595   0.02112  0.005796  0.002238
   288/299     30.5G   0.01678  0.004744 0.0006548   0.02218        42      1280    0.9126    0.8719    0.9055    0.6593   0.02109  0.005797  0.002235
   289/299     30.5G   0.01612  0.004656 0.0004153   0.02119        50      1280    0.9124    0.8719    0.9055     0.659   0.02108  0.005799  0.002232
   290/299     30.5G   0.01644  0.004703 0.0004944   0.02163        33      1280    0.9125     0.872    0.9055    0.6597   0.02106  0.005799   0.00223
   291/299     30.5G   0.01672  0.004595 0.0006444   0.02196        43      1280    0.9125     0.872    0.9056    0.6599   0.02103    0.0058  0.002228
   292/299     30.5G   0.01649  0.004841 0.0006439   0.02197        49      1280    0.9125     0.872    0.9055    0.6595   0.02101  0.005801  0.002225
   293/299     30.5G   0.01683  0.004516 0.0006946   0.02205        49      1280    0.9126     0.872    0.9055    0.6593   0.02098  0.005802   0.00222
   294/299     30.5G    0.0168   0.00455 0.0005185   0.02187        43      1280     0.915    0.8686    0.9054     0.659   0.02096  0.005804  0.002216
   295/299     30.5G   0.01664  0.004642  0.000637   0.02192        47      1280     0.915    0.8686    0.9053     0.659   0.02095  0.005804  0.002212
   296/299     30.5G   0.01658  0.004688 0.0009593   0.02223        37      1280    0.9126    0.8719    0.9054    0.6597   0.02094  0.005804  0.002209
   297/299     30.5G    0.0161  0.004766 0.0004914   0.02135        50      1280    0.9209    0.8643    0.9055    0.6591   0.02095  0.005805  0.002206
   298/299     30.5G   0.01679  0.004781  0.000637    0.0222        52      1280    0.9205    0.8646    0.9054    0.6593   0.02094  0.005806  0.002203
   299/299     30.5G   0.01689  0.004787 0.0005397   0.02221        39      1280    0.9199    0.8646     0.906    0.6592   0.02092  0.005806    0.0022
