     0/299     28.5G   0.07978   0.03511         0    0.1149        10      1280 2.261e-05  0.002809 5.545e-07 2.334e-07   0.06814   0.01488         0
     1/299     28.4G   0.07152   0.01362         0   0.08514        15      1280 5.051e-05   0.01404 1.912e-06 3.902e-07   0.06895   0.01137         0
     2/299     28.4G   0.07484   0.01034         0   0.08519        10      1280  3.03e-05  0.008427 4.582e-07 1.407e-07   0.07031   0.01012         0
     3/299     28.4G   0.07102  0.009387         0    0.0804        22      1280 5.051e-05   0.01404 4.161e-06 7.661e-07   0.06916  0.009997         0
     4/299     28.4G   0.07233  0.008868         0   0.08119        16      1280  4.04e-05   0.01124 9.187e-06 2.804e-06   0.06934  0.009558         0
     5/299     28.4G   0.07126   0.00827         0   0.07953         9      1280 5.051e-05   0.01404 2.092e-06 2.641e-07    0.0694  0.009607         0
     6/299     28.4G   0.07687  0.007921         0   0.08479        16      1280 4.047e-05   0.01124 1.021e-06 1.823e-07   0.07073  0.009705         0
     7/299     28.4G   0.06905  0.008108         0   0.07716         9      1280 5.051e-05   0.01404 2.101e-06 4.882e-07   0.06906  0.009657         0
     8/299     28.4G    0.0764  0.007584         0   0.08398        11      1280 5.067e-05   0.01404 2.684e-06 4.385e-07   0.07215  0.009478         0
     9/299     28.4G   0.07588  0.007742         0   0.08362        14      1280         0         0         0         0   0.07037  0.009535         0
    10/299     28.4G   0.07331  0.007674         0   0.08099        15      1280         0         0         0         0   0.06806   0.01002         0
    11/299     28.4G   0.07419  0.007539         0   0.08173        12      1280         0         0         0         0    0.0715  0.008599         0
    12/299     28.4G    0.0718   0.00812         0   0.07992         5      1280         0         0         0         0   0.07391  0.008229         0
    13/299     28.4G   0.07413  0.008118         0   0.08224        10      1280         0         0         0         0   0.06803   0.01004         0
    14/299     28.4G   0.06983  0.008232         0   0.07806        13      1280         0         0         0         0   0.06517   0.01041         0
    15/299     28.4G   0.06566  0.008072         0   0.07373        11      1280         0         0         0         0   0.07177  0.008268         0
    16/299     28.4G   0.06678  0.008022         0    0.0748         5      1280         0         0         0         0   0.06424   0.01018         0
    17/299     28.4G    0.0636  0.008408         0   0.07201         5      1280         0         0         0         0    0.1195    0.1318         0
    18/299     28.4G   0.06517  0.007773         0   0.07295         6      1280 9.473e-05   0.01404 3.148e-06  6.41e-07    0.1148     27.48         0
    19/299     28.4G   0.06176  0.007601         0   0.06936        10      1280 0.0006684  0.002809 8.073e-06 8.073e-07    0.0909  0.007333         0
    20/299     28.4G   0.06026   0.00803         0   0.06829        12      1280    0.0184   0.07303  0.005169  0.001045   0.06649   0.00912         0
    21/299     28.4G   0.06165  0.007925         0   0.06957         9      1280  0.003282  0.008427 4.824e-05 7.264e-06   0.07142  0.009117         0
    22/299     28.4G   0.06371  0.007592         0   0.07131        14      1280  0.002661   0.01124 8.652e-05 1.472e-05   0.06985  0.009105         0
    23/299     28.4G   0.06073  0.007549         0   0.06827        12      1280   0.00501   0.01966 0.0004248 5.959e-05   0.07279  0.009337         0
    24/299     28.4G   0.06348  0.007652         0   0.07113        11      1280 0.0007329  0.005618 1.278e-05 3.835e-06    0.1249  0.006813         0
    25/299     28.4G   0.05807    0.0073         0   0.06537         9      1280   0.09257   0.03652   0.01398  0.002103   0.07171  0.009631         0
    26/299     28.4G   0.06103  0.007372         0    0.0684         8      1280    0.2499    0.1292   0.08839   0.02088   0.06257  0.009354         0
    27/299     28.4G   0.05779  0.007778         0   0.06556        10      1280     0.206   0.05618   0.02969   0.01003   0.06846  0.009606         0
    28/299     28.4G   0.05799  0.007151         0   0.06514         6      1280    0.1247   0.08427   0.03501  0.008622   0.06154  0.009735         0
    29/299     28.4G   0.05378  0.007578         0   0.06136        13      1280   0.04648    0.1096   0.02161  0.003966   0.06337  0.009271         0
    30/299     28.4G   0.05334   0.00724         0   0.06058        12      1280    0.1494    0.1854   0.08944   0.02527    0.0582  0.009011         0
    31/299     28.4G   0.05492  0.006965         0   0.06188        12      1280  0.004238  0.008427 9.905e-05 1.989e-05   0.07324  0.008556         0
    32/299     28.4G   0.05472  0.007029         0   0.06175        12      1280   0.07654    0.1011   0.03073  0.008225   0.06572   0.01106         0
    33/299     28.4G   0.05588   0.00656         0   0.06244         9      1280    0.3508    0.2247    0.1573   0.04811     0.057  0.008541         0
    34/299     28.4G   0.05212   0.00703         0   0.05915        13      1280    0.1003   0.05899   0.01856  0.005475   0.06674  0.009622         0
    35/299     28.4G    0.0513  0.006629         0   0.05793        17      1280    0.3193     0.177    0.1289   0.03387   0.05917  0.008848         0
    36/299     28.4G   0.05559  0.006571         0   0.06216        10      1280    0.1055   0.06989     0.018  0.004193   0.06234  0.009234         0
    37/299     28.4G   0.05424  0.006582         0   0.06082        14      1280   0.05856   0.02528  0.003612  0.001193   0.06891  0.009998         0
    38/299     28.4G   0.05244  0.006264         0   0.05871         6      1280    0.2549     0.177   0.09402    0.0233    0.0591  0.008801         0
    39/299     28.4G   0.05597  0.006981         0   0.06295         8      1280  0.004124    0.3034  0.001611 0.0003045   0.06871       1.6         0
    40/299     28.4G   0.05313  0.006533         0   0.05967         9      1280    0.2209    0.2303    0.1287   0.03377    0.0601  0.008793         0
    41/299     28.4G   0.05662  0.006631         0   0.06325        11      1280 0.0002441   0.01685 5.338e-06 1.425e-06    0.0741   0.03196         0
    42/299     28.4G   0.04955  0.006471         0   0.05602         8      1280    0.2431    0.1489   0.07584   0.01842   0.06134  0.009588         0
    43/299     28.4G   0.04969  0.006347         0   0.05604         8      1280   0.03481   0.07303    0.0069  0.001306   0.07631  0.008128         0
    44/299     28.4G   0.05984  0.006455         0   0.06629         8      1280    0.2035    0.2046    0.1094   0.02979     0.065  0.009285         0
    45/299     28.4G   0.05499  0.006603         0    0.0616        10      1280    0.2478    0.1619    0.1123   0.03212   0.05926   0.00919         0
    46/299     28.4G   0.05063  0.006915         0   0.05754         9      1280    0.2924    0.2247    0.1346   0.03915   0.05929  0.008801         0
    47/299     28.4G   0.04818  0.006273         0   0.05445         6      1280    0.3824    0.2697    0.2409   0.07304   0.05853  0.007889         0
    48/299     28.4G   0.05071  0.006021         0   0.05673         9      1280    0.4281    0.3062    0.2712    0.0774   0.05598  0.008027         0
    49/299     28.4G   0.05121  0.006552         0   0.05776        14      1280    0.2303   0.06461   0.03766   0.01086   0.08336  0.007344         0
    50/299     28.4G   0.04893  0.006413         0   0.05534        15      1280    0.2232   0.08989    0.0628    0.0145   0.06941  0.008646         0
    51/299     28.4G    0.0475  0.005767         0   0.05327        16      1280    0.3897    0.2637    0.2094    0.0575   0.05433  0.008335         0
    52/299     28.4G   0.05081  0.006107         0   0.05692         9      1280     0.467    0.2388    0.2355    0.0703   0.05974  0.007881         0
    53/299     28.4G   0.04698   0.00609         0   0.05307        23      1280    0.3313    0.2275    0.1835   0.04939   0.06044  0.007984         0
    54/299     28.4G   0.04997  0.005903         0   0.05587         9      1280    0.3277    0.1657    0.1338   0.04296   0.06427  0.009018         0
    55/299     28.4G   0.04543  0.006364         0   0.05179        11      1280    0.2964    0.1994    0.1402   0.04487   0.06649  0.008315         0
    56/299     28.4G   0.04736  0.005917         0   0.05328         3      1280    0.5544    0.2809    0.2831   0.09514   0.06055  0.007771         0
    57/299     28.4G   0.04751  0.005874         0   0.05338        14      1280    0.3464    0.2528    0.1817   0.04883   0.05659  0.009403         0
    58/299     28.4G   0.04841  0.006161         0   0.05457        10      1280    0.4941    0.2414    0.2222   0.06037   0.06154  0.008102         0
    59/299     28.4G   0.04915  0.005987         0   0.05514        18      1280    0.4344    0.2556    0.2269   0.07216   0.06271  0.008282         0
    60/299     28.4G    0.0464  0.006202         0    0.0526        13      1280    0.3524    0.2556    0.1666   0.04623   0.06041  0.007902         0
    61/299     28.4G   0.04634  0.005974         0   0.05231        13      1280    0.4712     0.373    0.3258   0.09535    0.0524  0.008491         0
    62/299     28.4G   0.04293  0.006045         0   0.04898        13      1280    0.4658    0.2694    0.2193   0.06908   0.05904  0.007722         0
    63/299     28.4G   0.04644  0.006008         0   0.05245        12      1280    0.4409    0.3736    0.2951   0.07814   0.05861  0.007764         0
    64/299     28.4G   0.04345  0.005899         0   0.04935         9      1280    0.1721    0.1685   0.08815   0.03048   0.07465  0.007647         0
    65/299     28.4G   0.04835  0.006015         0   0.05436         7      1280    0.4331    0.3455      0.26   0.07381   0.05539  0.008223         0
    66/299     28.4G   0.04327  0.005694         0   0.04896         8      1280    0.4457    0.3146    0.2535   0.06614   0.05906  0.007832         0
    67/299     28.4G   0.04578  0.005888         0   0.05167         5      1280    0.5674    0.3287    0.3342    0.1025   0.05553  0.007394         0
    68/299     28.4G    0.0454   0.00594         0   0.05134         9      1280    0.3652    0.1685    0.1283   0.03821   0.05923  0.008734         0
    69/299     28.4G   0.04521  0.005824         0   0.05104        12      1280    0.1816    0.1629   0.07288   0.02192   0.05812  0.009425         0
    70/299     28.4G   0.04043  0.005901         0   0.04634        12      1280    0.2987    0.2444    0.1739   0.05871   0.05951  0.008709         0
    71/299     28.4G   0.05009  0.006143         0   0.05623         5      1280    0.5432    0.3652    0.3516    0.1103   0.05072  0.007783         0
    72/299     28.4G   0.04508  0.005718         0    0.0508        16      1280    0.3478     0.264    0.2055   0.05738    0.0575  0.008586         0
    73/299     28.4G    0.0447  0.006051         0   0.05075        11      1280    0.4179    0.1966    0.1585   0.04693   0.05703  0.008334         0
    74/299     28.4G   0.04458  0.005977         0   0.05055        13      1280    0.3687    0.2809    0.2145   0.06096   0.05409  0.008649         0
    75/299     28.4G   0.04614  0.005763         0    0.0519         8      1280    0.5155   0.07584   0.07219    0.0277   0.09224  0.006146         0
    76/299     28.4G   0.04625  0.006235         0   0.05248        15      1280     0.119    0.1152   0.03692   0.01114   0.06463  0.008719         0
    77/299     28.4G   0.04401  0.005527         0   0.04953         6      1280    0.4564    0.2809     0.237   0.06253   0.05589  0.007621         0
    78/299     28.4G   0.04852   0.00572         0   0.05424         6      1280    0.6323    0.3483    0.3698    0.1126   0.05415  0.007608         0
    79/299     28.4G   0.04527  0.005385         0   0.05065         9      1280    0.6239    0.3596    0.3918    0.1243   0.05451  0.007426         0
    80/299     28.4G   0.04437  0.005968         0   0.05034        16      1280     0.395    0.3876    0.3029   0.09092   0.05497  0.007549         0
    81/299     28.4G   0.04399  0.005548         0   0.04954        14      1280    0.5939    0.4437    0.4277    0.1343   0.05179   0.00691         0
    82/299     28.4G   0.04431  0.005463         0   0.04977         9      1280    0.5432    0.4354    0.4034    0.1377    0.0508  0.007268         0
    83/299     28.4G   0.04439  0.005384         0   0.04978        12      1280     0.549    0.2949    0.2681   0.07369   0.05627  0.008075         0
    84/299     28.4G   0.04727   0.00556         0   0.05283        12      1280    0.3105      0.25    0.1791   0.05211   0.05851  0.007804         0
    85/299     28.4G   0.04595  0.005459         0   0.05141        10      1280    0.3949    0.3118    0.2403    0.0737   0.06468       nan         0
    86/299     28.4G    0.0438  0.005585         0   0.04939        17      1280    0.5631    0.3113     0.327    0.1004   0.05313  0.007723         0
    87/299     28.4G   0.04214  0.005727         0   0.04787        13      1280    0.4063    0.2191    0.1823   0.04827   0.05779  0.008461         0
    88/299     28.4G   0.04576  0.005523         0   0.05128         8      1280    0.6814    0.4579    0.4587    0.1522     0.051  0.007051         0
    89/299     28.4G   0.04199  0.005972         0   0.04796        15      1280    0.6429    0.4129    0.4129    0.1262   0.04817  0.007383         0
    90/299     28.4G   0.04352  0.005199         0   0.04872         8      1280     0.646    0.3371    0.3884    0.1205   0.05167    0.0075         0
    91/299     28.4G   0.04111  0.005863         0   0.04697        15      1280    0.6781    0.3845    0.4182    0.1442   0.04929  0.007536         0
    92/299     28.4G   0.04166  0.005496         0   0.04715         4      1280    0.6437    0.4382    0.4843    0.1711   0.04851  0.006912         0
    93/299     28.4G   0.04481  0.005268         0   0.05008        11      1280    0.7257    0.3652    0.3976     0.146    0.0508  0.007447         0
    94/299     28.4G   0.04201  0.005294         0   0.04731         4      1280     0.499     0.368     0.321   0.09518   0.05291  0.007832         0
    95/299     28.4G   0.04294  0.005336         0   0.04828         9      1280    0.7611    0.3848    0.4364      0.14   0.04998  0.007105         0
    96/299     28.4G   0.04116  0.005324         0   0.04648        15      1280    0.7579     0.466    0.4995    0.1552   0.04808  0.006662         0
    97/299     28.4G   0.04055  0.004873         0   0.04542         7      1280    0.7486    0.4607    0.5355    0.2011   0.04617  0.006697         0
    98/299     28.4G   0.04248  0.005308         0   0.04778        11      1280    0.6358    0.5309    0.5365    0.1872   0.04532  0.006738         0
    99/299     28.4G   0.04199  0.005619         0   0.04761        10      1280    0.5619    0.4551    0.4411    0.1498    0.0508  0.007165         0
   100/299     28.4G    0.0448  0.005469         0   0.05027        18      1280    0.6796    0.3876    0.4017    0.1347   0.05016  0.007398         0
   101/299     28.4G   0.04202  0.005473         0    0.0475         9      1280    0.5874    0.5079     0.486    0.1706   0.04616  0.006993         0
   102/299     28.4G   0.03891  0.005314         0   0.04422        10      1280    0.6752    0.5112     0.527    0.1809   0.04707  0.006736         0
   103/299     28.4G   0.03976  0.005037         0   0.04479        11      1280    0.7663    0.4607    0.5297     0.192    0.0489  0.006855         0
   104/299     28.4G   0.04237  0.005062         0   0.04743         8      1280    0.6069    0.3258    0.3339     0.109   0.05009  0.007953         0
   105/299     28.4G   0.04152  0.005321         0   0.04684         4      1280    0.7513    0.4691    0.5213    0.1937   0.04684  0.006661         0
   106/299     28.4G   0.04157  0.005249         0   0.04682        12      1280    0.6939    0.5225    0.5133    0.1821   0.04771  0.006904         0
   107/299     28.4G   0.04105  0.005205         0   0.04626         6      1280    0.7401    0.5281    0.5776     0.217   0.04644  0.006388         0
   108/299     28.4G   0.04053  0.005268         0   0.04579        10      1280    0.6222    0.4045    0.4035    0.1282   0.04873  0.007199         0
   109/299     28.4G   0.04214  0.005541         0   0.04768        17      1280    0.6379    0.4998    0.5139    0.1909   0.04788  0.006698         0
   110/299     28.4G   0.04095  0.005229         0   0.04618        15      1280    0.7883    0.5028    0.5846    0.2021   0.04663  0.006488         0
   111/299     28.4G   0.04008  0.005482         0   0.04556        19      1280    0.1853    0.1067   0.05756   0.01842   0.05991   0.01107         0
   112/299     28.4G   0.04083    0.0056         0   0.04643        10      1280    0.5529    0.4494    0.4435    0.1468    0.0482  0.007236         0
   113/299     28.4G   0.04276  0.005197         0   0.04796        14      1280     0.525    0.4099    0.3827    0.1173   0.04937  0.007565         0
   114/299     28.4G    0.0441  0.005401         0    0.0495        15      1280    0.6312    0.3894    0.3933    0.1267   0.04889  0.007385         0
   115/299     28.4G   0.04644  0.005396         0   0.05184         8      1280    0.3783     0.382    0.2903   0.08225   0.05053  0.007923         0
   116/299     28.4G   0.04024  0.004974         0   0.04522         4      1280    0.5618    0.4466    0.4409    0.1507   0.04755  0.007585         0
   117/299     28.4G    0.0398  0.005164         0   0.04497        16      1280    0.7225    0.5562    0.5939    0.2112   0.04447  0.006448         0
   118/299     28.4G    0.0403  0.005037         0   0.04533         4      1280     0.746    0.5056     0.561    0.2041   0.04504  0.006669         0
   119/299     28.4G   0.03994  0.005054         0   0.04499        13      1280    0.6314    0.4607    0.4786    0.1681   0.04849  0.007054         0
   120/299     28.4G   0.04212   0.00518         0    0.0473        12      1280    0.6726    0.5308    0.5452    0.1927    0.0448  0.006853         0
   121/299     28.4G   0.03936  0.005444         0    0.0448         8      1280     0.675     0.573     0.598    0.2122   0.04311  0.006282         0
   122/299     28.4G   0.04062  0.005052         0   0.04567        10      1280    0.5909    0.4438    0.4531    0.1465   0.04643  0.007648         0
   123/299     28.4G   0.03759  0.004998         0   0.04259        12      1280    0.7704    0.5278      0.59    0.2124   0.04214   0.00662         0
   124/299     28.4G   0.03936   0.00481         0   0.04417         9      1280    0.7926    0.5475    0.6195    0.2363   0.04395  0.006293         0
   125/299     28.4G     0.043  0.005095         0    0.0481        11      1280    0.7272     0.584    0.6217    0.2299   0.04272  0.006191         0
   126/299     28.4G   0.04258  0.005309         0   0.04789        10      1280     0.566    0.3371    0.3391    0.1054   0.04942  0.008562         0
   127/299     28.4G   0.04795   0.00569         0   0.05364         8      1280    0.4692    0.3708    0.3347    0.1048   0.05217  0.008064         0
   128/299     28.4G   0.04273   0.00566         0   0.04839        16      1280    0.6285    0.4326    0.4416    0.1378   0.04713  0.007456         0
   129/299     28.4G   0.04229  0.005207         0    0.0475         6      1280    0.7724    0.4972    0.5582    0.2021   0.04549  0.006695         0
   130/299     28.4G   0.04192  0.005256         0   0.04718         8      1280    0.7144    0.4916    0.5452    0.1917   0.04465  0.006922         0
   131/299     28.4G   0.04187  0.005154         0   0.04702        15      1280    0.7012    0.4831    0.5423    0.1809   0.04409  0.006796         0
   132/299     28.4G   0.03917  0.005142         0   0.04431        10      1280    0.6749    0.4972    0.5216    0.1883   0.04525  0.006767         0
   133/299     28.4G   0.04385  0.005246         0   0.04909        20      1280   0.04787   0.05618  0.009188  0.002234   0.06904    0.0103         0
   134/299     28.4G   0.04321  0.005716         0   0.04893        14      1280    0.4649    0.2612    0.2392   0.08123    0.0601  0.008732         0
   135/299     28.4G    0.0446  0.005402         0      0.05        22      1280    0.7275    0.5506    0.5992    0.2136   0.04154  0.006513         0
   136/299     28.4G   0.04178  0.005734         0   0.04752         6      1280    0.7247    0.5478    0.5783    0.2204   0.04669  0.006486         0
   137/299     28.4G   0.04152  0.005467         0   0.04699        14      1280    0.7374    0.4691    0.5434    0.1893   0.04315  0.006592         0
   138/299     28.4G   0.04139  0.005375         0   0.04676         8      1280    0.6777    0.5056    0.5199    0.1884    0.0437  0.006867         0
   139/299     28.4G   0.04333  0.005326         0   0.04866         9      1280    0.7007     0.573    0.6082    0.2184   0.04391  0.006239         0
   140/299     28.4G   0.04435  0.005088         0   0.04944         3      1280    0.8201    0.5253    0.6198    0.2332   0.04329  0.006258         0
   141/299     28.4G   0.04114  0.005285         0   0.04642         9      1280    0.6907    0.5899    0.6021    0.2188   0.04139  0.006438         0
   142/299     28.4G   0.04027  0.005142         0   0.04542         8      1280    0.4099    0.2458    0.2047   0.06266   0.05065  0.008631         0
   143/299     28.4G   0.05171  0.006441         0   0.05815        10      1280   0.03455   0.02809  0.002749 0.0004387   0.06531  0.009983         0
   144/299     28.4G   0.04712   0.00603         0   0.05315        11      1280    0.2335    0.1236   0.08922   0.02352   0.06219  0.009044         0
   145/299     28.4G   0.04533  0.005664         0   0.05099        17      1280    0.5675    0.3652     0.375      0.13   0.05121  0.007362         0
   146/299     28.4G   0.04222  0.005271         0   0.04749         7      1280     0.761    0.4213    0.4958    0.1748   0.04354   0.00694         0
   147/299     28.4G   0.04283  0.005432         0   0.04826         8      1280    0.6953    0.5193    0.5509    0.1983   0.04277  0.006662         0
   148/299     28.4G   0.04141  0.005425         0   0.04683        13      1280    0.7231    0.5135     0.555    0.2075   0.04303  0.006501         0
   149/299     28.4G   0.04293   0.00479         0   0.04772        15      1280    0.7002    0.3673    0.4084    0.1384   0.04676  0.007206         0
   150/299     28.4G   0.04663   0.00578         0   0.05241        14      1280      0.72    0.5449     0.589    0.2152   0.04141  0.006606         0
   151/299     28.4G   0.04334  0.005189         0   0.04853        12      1280    0.7644    0.5194    0.5751    0.2013   0.04217    0.0067         0
   152/299     28.4G   0.04599  0.005561         0   0.05155        13      1280    0.6978    0.3763    0.3943      0.14   0.05519  0.007002         0
   153/299     28.4G   0.04034  0.005421         0   0.04576        12      1280     0.798     0.455    0.5243    0.1889   0.04425  0.006732         0
   154/299     28.4G   0.04104  0.005373         0   0.04641        24      1280    0.7445       0.5    0.5444    0.2057   0.04223   0.00673         0
   155/299     28.4G   0.04344  0.005175         0   0.04861        11      1280    0.7618    0.5391      0.62    0.2346   0.04026  0.006464         0
   156/299     28.4G   0.04014   0.00512         0   0.04526         9      1280    0.7409    0.5084    0.5654    0.2029   0.04424  0.006621         0
   157/299     28.4G   0.03978    0.0054         0   0.04518        14      1280    0.6975    0.5699     0.602    0.2175   0.04298  0.006443         0
   158/299     28.4G   0.03767  0.004951         0   0.04262         9      1280    0.7505    0.5578    0.6013    0.2216   0.04149  0.006468         0
   159/299     28.4G   0.04113  0.004887         0   0.04601         9      1280    0.7406    0.5702    0.5996      0.22   0.04148  0.006418         0
   160/299     28.4G   0.04378  0.005066         0   0.04885        12      1280    0.6759    0.5871    0.6193    0.2321   0.04088  0.006381         0
   161/299     28.4G   0.04146  0.005223         0   0.04668         5      1280    0.0908   0.09831      0.04   0.01364   0.06239   0.01118         0
   162/299     28.4G   0.04189  0.005335         0   0.04722        11      1280    0.5394    0.3455    0.3207    0.1144   0.05256  0.007626         0
   163/299     28.4G   0.04096  0.005183         0   0.04614         9      1280    0.8055    0.4886    0.5683    0.1988     0.044  0.006498         0
   164/299     28.4G   0.04624  0.005611         0   0.05185        12      1280    0.5745    0.2921    0.2962   0.09711   0.04966  0.007947         0
   165/299     28.4G    0.0414  0.005632         0   0.04703        18      1280     0.751    0.4914    0.5723    0.1979   0.04293    0.0068         0
   166/299     28.4G   0.03973  0.005012         0   0.04474        23      1280    0.6956    0.5072     0.572    0.1986   0.04183  0.006855         0
   167/299     28.4G   0.04027  0.005308         0   0.04557        14      1280    0.7661    0.5646    0.5916    0.2171   0.04121  0.006465         0
   168/299     28.4G   0.03882  0.005055         0   0.04387        12      1280    0.7545    0.5562    0.6154    0.2293   0.04134  0.006335         0
   169/299     28.4G   0.03927  0.004976         0   0.04425        12      1280    0.7691    0.5519    0.6057    0.2339   0.04169  0.006356         0
   170/299     28.4G   0.03805  0.004808         0   0.04286         8      1280    0.8085    0.5812    0.6413    0.2423   0.03959  0.006209         0
   171/299     28.4G   0.03659  0.004888         0   0.04148        13      1280    0.7937     0.573    0.6611    0.2459   0.03942  0.006165         0
   172/299     28.4G    0.0416  0.005181         0   0.04679        19      1280    0.8044    0.5892    0.6496    0.2456   0.03973  0.006215         0
   173/299     28.4G   0.03977  0.004988         0   0.04476         8      1280    0.7704    0.5561      0.62     0.228   0.04112  0.006356         0
   174/299     28.4G   0.03906  0.005125         0   0.04418        11      1280    0.7814    0.5927    0.6516    0.2493   0.04028  0.006238         0
   175/299     28.4G   0.03787  0.005049         0   0.04292         7      1280    0.7932    0.5843    0.6365    0.2432   0.04042  0.006223         0
   176/299     28.4G   0.03832  0.005056         0   0.04338        14      1280    0.7477    0.5899    0.6355    0.2457   0.04014  0.006169         0
   177/299     28.4G   0.03868  0.004899         0   0.04358        12      1280    0.7606     0.618    0.6467    0.2465    0.0395  0.006214         0
   178/299     28.4G    0.0375  0.004976         0   0.04247        11      1280    0.8455    0.6152    0.6789     0.259   0.03871  0.006123         0
   179/299     28.4G   0.03842  0.005037         0   0.04346        17      1280    0.7781     0.601    0.6588    0.2484   0.03925  0.006207         0
   180/299     28.4G   0.04346  0.005421         0   0.04889        16      1280    0.8053    0.5955    0.6673    0.2537   0.03903  0.006199         0
   181/299     28.4G   0.03932  0.005079         0    0.0444        18      1280    0.7571    0.6489    0.6786    0.2673   0.03864   0.00605         0
   182/299     28.4G   0.03868  0.004967         0   0.04364         3      1280    0.7931    0.6264    0.6801    0.2641    0.0387  0.006102         0
   183/299     28.4G     0.038   0.00495         0   0.04295         5      1280    0.8226    0.5871    0.6732    0.2635   0.03814  0.006113         0
   184/299     28.4G   0.03769  0.005002         0   0.04269        17      1280    0.7841    0.6121    0.6759    0.2649    0.0386  0.006051         0
   185/299     28.4G   0.03755  0.004994         0   0.04254        11      1280    0.8409    0.5843    0.6838     0.268    0.0379  0.006018         0
   186/299     28.4G   0.03847  0.004716         0   0.04319        12      1280    0.7669    0.6011    0.6719    0.2702    0.0384  0.006051         0
   187/299     28.4G   0.03847  0.004992         0   0.04346         7      1280     0.803     0.584     0.665    0.2668    0.0386  0.006197         0
   188/299     28.4G   0.03941  0.005091         0    0.0445        14      1280    0.8312    0.5532    0.6642    0.2701   0.03868   0.00611         0
   189/299     28.4G   0.03786   0.00493         0   0.04279        12      1280    0.8303    0.5787    0.6807    0.2744   0.03848  0.006028         0
   190/299     28.4G   0.03765  0.004751         0    0.0424        11      1280    0.8161    0.5871     0.687    0.2781   0.03755  0.006015         0
   191/299     28.4G   0.03781  0.005125         0   0.04294        15      1280    0.8209    0.5921    0.6774    0.2735   0.03764  0.006032         0
   192/299     28.4G   0.03767  0.004686         0   0.04235        12      1280    0.8611    0.5787    0.6804    0.2711   0.03782  0.006047         0
   193/299     28.4G   0.03539  0.005332         0   0.04072        12      1280    0.7761    0.6233    0.6934    0.2684   0.03763  0.005992         0
   194/299     28.4G   0.03588  0.004683         0   0.04056         8      1280    0.8588    0.5981    0.6848    0.2649   0.03752  0.006029         0
   195/299     28.4G   0.03934  0.005092         0   0.04443        16      1280    0.7953    0.6348    0.6847    0.2676   0.03755  0.006001         0
   196/299     28.4G   0.03662  0.004961         0   0.04158        11      1280     0.797    0.6404    0.6963    0.2715   0.03703   0.00597         0
   197/299     28.4G   0.03799  0.004875         0   0.04286        21      1280    0.7703    0.6601    0.7061    0.2761   0.03644  0.005925         0
   198/299     28.4G   0.03605  0.004674         0   0.04072        16      1280     0.817    0.6152    0.6979    0.2696   0.03741  0.005956         0
   199/299     28.4G   0.03673  0.004725         0   0.04145        18      1280    0.7876    0.6561    0.7105    0.2773   0.03688  0.005982         0
   200/299     28.4G   0.03811  0.004869         0   0.04298         6      1280    0.7588    0.6627    0.7042    0.2745   0.03622  0.005981         0
   201/299     28.4G   0.03598  0.004755         0   0.04074         9      1280    0.8372    0.6096    0.6993    0.2676   0.03671  0.005978         0
   202/299     28.4G   0.03985  0.004929         0   0.04478        15      1280    0.7826    0.6572    0.7089    0.2769    0.0367  0.005919         0
   203/299     28.4G   0.03653  0.004782         0   0.04132         5      1280    0.8019    0.6489    0.6992    0.2703   0.03695  0.005953         0
   204/299     28.4G   0.03834  0.005019         0   0.04336        14      1280    0.7455    0.6854    0.6924    0.2702   0.03683  0.005988         0
   205/299     28.4G   0.03579  0.004798         0   0.04059         4      1280    0.7706    0.6573    0.7067    0.2865   0.03596  0.005901         0
   206/299     28.4G   0.03609  0.004789         0   0.04088        15      1280    0.7958    0.6348    0.6983    0.2856   0.03628  0.005898         0
   207/299     28.4G   0.03879  0.005169         0   0.04396        17      1280    0.8365    0.6489    0.7184    0.2849   0.03685  0.005845         0
   208/299     28.4G   0.03863  0.005275         0   0.04391        22      1280    0.8413    0.6402    0.7157    0.2853   0.03619  0.005849         0
   209/299     28.4G   0.03702  0.004858         0   0.04188        14      1280    0.7761    0.6817     0.719    0.2849   0.03611  0.005874         0
   210/299     28.4G   0.03531  0.004592         0    0.0399        11      1280    0.7892    0.6742    0.7167     0.288   0.03609  0.005857         0
   211/299     28.4G   0.03652  0.004476         0   0.04099        10      1280    0.7706    0.6798    0.7152    0.2845   0.03617  0.005877         0
   212/299     28.4G   0.03824  0.004929         0   0.04316         9      1280    0.7814    0.6657    0.7142    0.2891   0.03628   0.00585         0
   213/299     28.4G   0.03641   0.00486         0   0.04127        11      1280    0.7819     0.685    0.7156    0.2885   0.03631  0.005841         0
   214/299     28.4G   0.03673  0.004607         0   0.04133         9      1280    0.7907    0.6685    0.7187    0.2887   0.03614  0.005811         0
   215/299     28.4G   0.03657   0.00466         0   0.04123        13      1280    0.7653    0.6882    0.7138    0.2842   0.03588  0.005836         0
   216/299     28.4G    0.0373  0.005138         0   0.04243        17      1280    0.7997    0.6629    0.7119     0.286   0.03589  0.005855         0
   217/299     28.4G   0.03311   0.00472         0   0.03783         5      1280    0.7875     0.677    0.7207    0.2902   0.03603  0.005842         0
   218/299     28.4G   0.03758  0.005065         0   0.04265        17      1280    0.7871    0.6657    0.7151    0.2878   0.03631   0.00587         0
   219/299     28.4G   0.03686  0.004893         0   0.04175         7      1280    0.8213    0.6742    0.7366    0.2916   0.03644  0.005832         0
   220/299     28.4G   0.03683  0.004821         0   0.04166        12      1280    0.7943     0.677    0.7143    0.2877   0.03653  0.005851         0
   221/299     28.4G   0.03632  0.005206         0   0.04153        13      1280    0.7951     0.665    0.7176    0.2914   0.03633  0.005864         0
   222/299     28.4G   0.03797  0.004631         0    0.0426         8      1280    0.8295    0.6713    0.7256     0.288   0.03636  0.005867         0
   223/299     28.4G   0.03805  0.004692         0   0.04274        28      1280    0.8161    0.6742    0.7278    0.2925   0.03604  0.005822         0
   224/299     28.4G   0.03489  0.004415         0   0.03931        14      1280    0.8232     0.654    0.7278    0.2963   0.03605  0.005831         0
   225/299     28.4G    0.0382  0.004865         0   0.04307         9      1280    0.7653    0.6966    0.7268    0.2878   0.03628  0.005853         0
   226/299     28.4G   0.03688  0.004624         0    0.0415         6      1280    0.7908    0.6797    0.7413    0.2954   0.03616  0.005783         0
   227/299     28.4G   0.03795  0.004923         0   0.04287        10      1280    0.7755    0.6994    0.7401    0.2939   0.03612  0.005765         0
   228/299     28.4G   0.03769  0.004995         0   0.04268         8      1280    0.7609    0.6994     0.737    0.2947   0.03624  0.005768         0
   229/299     28.4G   0.03369  0.004362         0   0.03805        14      1280    0.8376    0.6404    0.7342    0.2947   0.03623  0.005755         0
   230/299     28.4G   0.03629  0.004736         0   0.04102         7      1280    0.8424    0.6459    0.7369    0.2989   0.03612  0.005764         0
   231/299     28.4G   0.03542  0.004762         0   0.04018        11      1280    0.8419    0.6431    0.7391    0.2983   0.03609   0.00577         0
   232/299     28.4G   0.03571  0.004465         0   0.04017        13      1280    0.8166    0.6517    0.7384    0.2965    0.0359  0.005784         0
   233/299     28.4G   0.03669  0.004663         0   0.04135        12      1280    0.7514    0.7217    0.7387    0.2943   0.03584  0.005796         0
   234/299     28.4G   0.03474  0.004752         0    0.0395        12      1280     0.778    0.6994    0.7335     0.288   0.03584  0.005783         0
   235/299     28.4G   0.03402  0.004614         0   0.03863        15      1280      0.79    0.6882    0.7385     0.293   0.03551  0.005769         0
   236/299     28.4G    0.0365  0.004651         0   0.04115         9      1280    0.8098    0.6713    0.7409    0.2979   0.03533  0.005757         0
   237/299     28.4G   0.03468  0.004638         0   0.03932         9      1280    0.7792    0.6938     0.738    0.2968   0.03527   0.00576         0
   238/299     28.4G   0.03377  0.004373         0   0.03814        12      1280    0.8442    0.6544    0.7366    0.2971   0.03501  0.005762         0
   239/299     28.4G   0.03413    0.0045         0   0.03863        10      1280    0.8281    0.6767    0.7362    0.2956   0.03488   0.00576         0
   240/299     28.4G    0.0342  0.004776         0   0.03898        12      1280    0.7928     0.688    0.7348    0.2989   0.03471  0.005761         0
   241/299     28.4G   0.03427   0.00477         0   0.03904        15      1280    0.7906    0.6826    0.7295    0.3043   0.03466  0.005749         0
   242/299     28.4G   0.03435  0.004923         0   0.03927        11      1280    0.7388     0.747    0.7367    0.3048   0.03452  0.005739         0
   243/299     28.4G   0.03362  0.004349         0   0.03797         7      1280    0.7462     0.727    0.7346    0.3074   0.03448  0.005732         0
   244/299     28.4G   0.03549  0.004603         0   0.04009        14      1280     0.841    0.6545    0.7437    0.3074   0.03438  0.005726         0
   245/299     28.4G   0.03481  0.004523         0   0.03933         9      1280    0.7413    0.7243    0.7357    0.3056   0.03451  0.005717         0
   246/299     28.4G   0.03429  0.004527         0   0.03881        14      1280     0.755    0.7359     0.742    0.3078   0.03454  0.005698         0
   247/299     28.4G   0.03407  0.004623         0   0.03869         6      1280    0.7627    0.7331    0.7429    0.3104   0.03446  0.005688         0
   248/299     28.4G   0.03635  0.004923         0   0.04127        17      1280    0.7602    0.7301     0.741    0.3121   0.03454  0.005685         0
   249/299     28.4G   0.03476  0.004571         0   0.03933         7      1280    0.8154    0.6713     0.738    0.3111    0.0344  0.005693         0
   250/299     28.4G   0.03378  0.004687         0   0.03847        10      1280    0.8117    0.6685    0.7317    0.3101   0.03436  0.005704         0
   251/299     28.4G   0.03559  0.004976         0   0.04057        18      1280    0.7787    0.6938    0.7329    0.3054   0.03451  0.005709         0
   252/299     28.4G   0.03307  0.004505         0   0.03758        24      1280    0.8207    0.7079    0.7548    0.3109   0.03444  0.005684         0
   253/299     28.4G   0.03464  0.004676         0   0.03931         8      1280    0.8051    0.7079    0.7501    0.3094   0.03442  0.005671         0
   254/299     28.4G   0.03275  0.004761         0   0.03751        15      1280    0.7981    0.7107     0.754    0.3118   0.03433  0.005682         0
   255/299     28.4G   0.03566  0.004773         0   0.04043        11      1280     0.782     0.736    0.7606    0.3112   0.03429   0.00568         0
   256/299     28.4G   0.03244   0.00439         0   0.03683         9      1280    0.7678    0.7444    0.7572    0.3116    0.0342  0.005681         0
   257/299     28.4G   0.03582  0.005006         0   0.04083        16      1280    0.7837    0.7275    0.7571    0.3092   0.03411  0.005685         0
   258/299     28.4G   0.03376  0.004748         0   0.03851         2      1280    0.7571    0.7442    0.7591    0.3072   0.03419  0.005692         0
   259/299     28.4G   0.03396  0.004725         0   0.03869        13      1280    0.7964    0.7163    0.7572    0.3076   0.03417   0.00568         0
   260/299     28.4G   0.03321   0.00434         0   0.03755         4      1280    0.8223    0.7018    0.7563    0.3058   0.03416  0.005672         0
   261/299     28.4G   0.03415  0.004605         0   0.03876        11      1280    0.8378    0.6965     0.758    0.3101    0.0341  0.005663         0
   262/299     28.4G   0.03372   0.00487         0   0.03859        10      1280    0.8226    0.7162    0.7616    0.3127   0.03396  0.005653         0
   263/299     28.4G   0.03309  0.004844         0   0.03793        18      1280    0.8163    0.7247    0.7623    0.3113   0.03386  0.005643         0
   264/299     28.4G   0.03313  0.004677         0   0.03781         7      1280    0.8063    0.7135    0.7557    0.3086    0.0341  0.005642         0
   265/299     28.4G    0.0332  0.004496         0    0.0377        11      1280    0.8099    0.7181    0.7559    0.3096   0.03488  0.005631         0
   266/299     28.4G   0.03556  0.004768         0   0.04033        11      1280    0.8292    0.7107    0.7608    0.3139   0.03482  0.005611         0
   267/299     28.4G   0.03566  0.004716         0   0.04037         3      1280    0.8327    0.7132    0.7641    0.3144   0.03471  0.005623         0
   268/299     28.4G   0.03617  0.004828         0     0.041         4      1280    0.8412    0.6993     0.761    0.3143   0.03468   0.00562         0
   269/299     28.4G   0.03458  0.004824         0   0.03941        10      1280    0.8113    0.7135    0.7594     0.322   0.03456  0.005608         0
   270/299     28.4G   0.03335  0.004768         0   0.03812         5      1280    0.8178    0.7079    0.7559    0.3207   0.03474  0.005612         0
   271/299     28.4G   0.03416  0.004779         0   0.03894        11      1280    0.8303    0.7022    0.7556    0.3209   0.03478   0.00562         0
   272/299     28.4G   0.03439  0.004858         0   0.03925        13      1280    0.8031    0.7219    0.7592    0.3212   0.03488  0.005624         0
   273/299     28.4G   0.03348  0.004943         0   0.03843        25      1280    0.8049    0.7186    0.7592    0.3214   0.03489  0.005618         0
   274/299     28.4G   0.03377  0.004719         0   0.03849        14      1280     0.816    0.7247     0.767    0.3206   0.03484  0.005617         0
   275/299     28.4G   0.03308  0.004604         0   0.03768        18      1280    0.8182    0.7078    0.7597    0.3191   0.03473  0.005619         0
   276/299     28.4G   0.03477  0.004689         0   0.03946        20      1280    0.8328    0.6993    0.7558    0.3204   0.03468  0.005618         0
   277/299     28.4G   0.03251  0.004715         0   0.03723        10      1280    0.8305    0.7159    0.7595    0.3211   0.03456  0.005613         0
   278/299     28.4G   0.03297  0.004535         0   0.03751        16      1280    0.8301    0.7134     0.761    0.3217   0.03447  0.005616         0
   279/299     28.4G   0.03248  0.004455         0   0.03693         6      1280    0.8258     0.719     0.759    0.3199   0.03453  0.005612         0
   280/299     28.4G   0.03419  0.004547         0   0.03874         9      1280    0.8263    0.7219    0.7625     0.319   0.03442  0.005614         0
   281/299     28.4G   0.03432  0.004421         0   0.03874        15      1280    0.8285    0.7079    0.7556    0.3164   0.03443  0.005618         0
   282/299     28.4G   0.03403  0.004564         0    0.0386         4      1280    0.8225     0.716    0.7575    0.3187   0.03413  0.005617         0
   283/299     28.4G   0.03241  0.004397         0   0.03681         6      1280    0.8433    0.7105    0.7628    0.3211   0.03426  0.005611         0
   284/299     28.4G   0.03221  0.004709         0   0.03692         9      1280    0.8456    0.7076    0.7671    0.3203    0.0336  0.005612         0
   285/299     28.4G   0.03315   0.00466         0   0.03781        12      1280    0.7937    0.7472    0.7672    0.3232   0.03406  0.005618         0
   286/299     28.4G   0.03333  0.004442         0   0.03777        17      1280    0.8042    0.7388    0.7704    0.3223    0.0341  0.005621         0
   287/299     28.4G   0.03437  0.004146         0   0.03851        14      1280    0.8558    0.7022    0.7691    0.3226   0.03413  0.005613         0
   288/299     28.4G   0.03355  0.004534         0   0.03808         5      1280    0.8461    0.7106    0.7685    0.3243   0.03392   0.00561         0
   289/299     28.4G   0.03446  0.004805         0   0.03926         9      1280    0.8619    0.7022    0.7676    0.3243   0.03391  0.005609         0
   290/299     28.4G    0.0335  0.004794         0    0.0383        11      1280    0.8441    0.7163    0.7687    0.3275   0.03363  0.005603         0
   291/299     28.4G   0.03173  0.004606         0   0.03634         9      1280    0.8542    0.7075    0.7677    0.3255   0.03313  0.005604         0
   292/299     28.4G   0.03338   0.00463         0   0.03801         8      1280    0.8428    0.7078    0.7668    0.3216   0.03301  0.005604         0
   293/299     28.4G    0.0334  0.004664         0   0.03807        16      1280     0.858    0.6957    0.7692    0.3216   0.03288  0.005606         0
   294/299     28.4G   0.03531  0.004606         0   0.03992         5      1280    0.8648    0.7022    0.7732    0.3221   0.03285  0.005602         0
   295/299     28.4G   0.03325   0.00453         0   0.03778         3      1280    0.8694    0.6938    0.7695    0.3208   0.03278  0.005596         0
   296/299     28.4G    0.0335  0.004704         0    0.0382        17      1280    0.8589    0.7022    0.7719    0.3219   0.03279  0.005589         0
   297/299     28.4G   0.03294  0.004566         0    0.0375        17      1280    0.8574    0.7107    0.7782    0.3216   0.03277  0.005589         0
   298/299     28.4G   0.03401  0.004738         0   0.03875         7      1280    0.8249    0.7303    0.7763    0.3228   0.03269  0.005596         0
   299/299     28.4G    0.0327  0.004419         0   0.03712        11      1280    0.8615    0.6989    0.7743    0.3225    0.0327  0.005611         0
